I = 0.69412
I = 0.69315
I = 0.68485
